#                                                                               --- full sequence --- -------------- this domain -------------   hmm coord   ali coord   env coord
# target name           accession   tlen query name           accession   qlen   E-value  score  bias   #  of  c-Evalue  i-Evalue  score  bias  from    to  from    to  from    to  acc description of target
#   ------------------- ---------- ----- -------------------- ---------- ----- --------- ------ ----- --- --- --------- --------- ------ ----- ----- ----- ----- ----- ----- ----- ---- ---------------------
Utg1904:559101-560006|- -            302 1166299at2           -            131   1.2e-39  133.8   0.6   1   3   7.3e-23   1.5e-19   68.8   0.1     2    75    18   107    17   114 0.84 Utg1904_512 # 559101 # 560006 # -1 # ID=1_512;partial=00;start_type=ATG;rbs_motif=None;rbs_spacer=None;gc_cont=0.395
Utg1904:559101-560006|- -            302 1166299at2           -            131   1.2e-39  133.8   0.6   2   3   3.4e-12   6.9e-09   34.3   0.0    66    95   121   150   111   154 0.91 Utg1904_512 # 559101 # 560006 # -1 # ID=1_512;partial=00;start_type=ATG;rbs_motif=None;rbs_spacer=None;gc_cont=0.395
Utg1904:559101-560006|- -            302 1166299at2           -            131   1.2e-39  133.8   0.6   3   3   1.1e-08   2.3e-05   22.9   0.0    91   123   174   213   169   219 0.83 Utg1904_512 # 559101 # 560006 # -1 # ID=1_512;partial=00;start_type=ATG;rbs_motif=None;rbs_spacer=None;gc_cont=0.395
Utg1918:68149-68862|-   -            238 1166299at2           -            131     1e-17   62.8   1.7   1   3   0.00058       1.2    7.6   0.1    50    70     3    22     1    33 0.81 Utg1918_76 # 68149 # 68862 # -1 # ID=4_76;partial=00;start_type=GTG;rbs_motif=None;rbs_spacer=None;gc_cont=0.601
Utg1918:68149-68862|-   -            238 1166299at2           -            131     1e-17   62.8   1.7   2   3   4.8e-12   9.9e-09   33.8   0.1    67    94    42    69    30    73 0.91 Utg1918_76 # 68149 # 68862 # -1 # ID=4_76;partial=00;start_type=GTG;rbs_motif=None;rbs_spacer=None;gc_cont=0.601
Utg1918:68149-68862|-   -            238 1166299at2           -            131     1e-17   62.8   1.7   3   3   1.3e-07   0.00026   19.5   0.0    91   119    94   129    86   141 0.78 Utg1918_76 # 68149 # 68862 # -1 # ID=4_76;partial=00;start_type=GTG;rbs_motif=None;rbs_spacer=None;gc_cont=0.601
Utg1918:68873-69088|-   -             72 1166299at2           -            131   2.6e-17   61.5   0.0   1   1   1.5e-20   3.1e-17   61.3   0.0     1    46    15    63    15    69 0.91 Utg1918_77 # 68873 # 69088 # -1 # ID=4_77;partial=00;start_type=ATG;rbs_motif=AGGAG;rbs_spacer=5-10bp;gc_cont=0.579
#
# Program:         hmmsearch
# Version:         3.4 (Aug 2023)
# Pipeline mode:   SEARCH
# Query file:      /home/abane_ashu/busco-5.8.0/busco_downloads/lineages/bacteria_odb10/hmms/1166299at2.hmm
# Target file:     /home/abane_ashu/busco-5.8.0/busco_raven/prodigal_output/predicted_genes/predicted.faa
# Option settings: hmmsearch --domtblout /home/abane_ashu/busco-5.8.0/busco_raven/run_bacteria_odb10/hmmer_output/1166299at2.out --cpu 1 /home/abane_ashu/busco-5.8.0/busco_downloads/lineages/bacteria_odb10/hmms/1166299at2.hmm /home/abane_ashu/busco-5.8.0/busco_raven/prodigal_output/predicted_genes/predicted.faa 
# Current dir:     /home/abane_ashu/busco-5.8.0
# Date:            Thu Aug 14 01:01:29 2025
# [ok]
